Date:	6/15/2014		Time:	5:57 PM		Version no:	0.00		Project name:	55		Sample name:	222		Section name:	section		Position	0.000000	mm	E0	0.000000	keV	E1	1.000000	keV/channel	sample surface	2.000000	cm	Tube anode:	Cr		Tube voltage:	30	kV	Tube current:	50	mA	gain	10		std. database			resultfile	result		matrix element	11		sample thickness	1.000000		air passage	0.560000	cm	comments	not in position		peaking_time	3.000000	m-sec	trigger_threshold	1229.166667	V	mca_bin_width	22.090000	no:	number_mca_channels	1024.000000	no:	gap_time	0.400000	m-sec	trigger_peaking_time	0.150000	m-sec	GAINDAC	9455		HIGHGAIN	1		TAURC	0		RCTAU	53		RCTAUFRAC	32768		livetime	9.958373	seconds	runtime	10.000502	seconds	input_count_rate	7467.886721	cps	output_count_rate	6612.368324	cps	triggers	74368	seconds	events_in_run	66127	seconds	channel	content		1	0
2	0
3	0
4	0
5	0
6	0
7	0
8	0
9	0
10	0
11	0
12	0
13	0
14	0
15	0
16	0
17	0
18	0
19	0
20	0
21	0
22	0
23	0
24	0
25	0
26	0
27	0
28	0
29	0
30	0
31	120
32	126
33	109
34	146
35	167
36	181
37	189
38	196
39	205
40	208
41	254
42	225
43	283
44	278
45	315
46	266
47	304
48	309
49	353
50	342
51	331
52	338
53	349
54	366
55	366
56	381
57	366
58	346
59	375
60	378
61	396
62	412
63	446
64	481
65	442
66	437
67	450
68	450
69	443
70	429
71	367
72	391
73	396
74	450
75	452
76	545
77	606
78	659
79	769
80	853
81	892
82	947
83	956
84	942
85	1024
86	1073
87	1232
88	1598
89	2111
90	2846
91	3940
92	5008
93	6087
94	6984
95	7227
96	7036
97	6638
98	5814
99	4620
100	3824
101	3226
102	2648
103	2385
104	2396
105	2347
106	2334
107	2173
108	2036
109	1799
110	1527
111	1207
112	1018
113	848
114	726
115	676
116	626
117	638
118	608
119	644
120	754
121	838
122	911
123	942
124	1042
125	1087
126	1011
127	980
128	911
129	823
130	741
131	664
132	605
133	575
134	565
135	504
136	538
137	521
138	516
139	521
140	536
141	623
142	637
143	706
144	816
145	849
146	952
147	1063
148	1162
149	1311
150	1386
151	1563
152	1745
153	2197
154	2713
155	3556
156	4555
157	5758
158	7290
159	8524
160	9200
161	9313
162	8937
163	8065
164	6795
165	5667
166	4394
167	3368
168	2842
169	2688
170	2980
171	3655
172	4722
173	6593
174	9213
175	12360
176	16142
177	19843
178	23423
179	25869
180	26817
181	25943
182	23872
183	20545
184	16765
185	13003
186	10172
187	8152
188	7330
189	8103
190	10404
191	15273
192	22810
193	34953
194	51974
195	73582
196	100136
197	127712
198	154078
199	173489
200	182231
201	180481
202	167962
203	146140
204	118384
205	90423
206	64956
207	44753
208	30465
209	20836
210	15811
211	13775
212	14709
213	17642
214	21161
215	24834
216	28558
217	30512
218	30726
219	29297
220	26270
221	22553
222	17873
223	13603
224	10068
225	7035
226	5058
227	3677
228	2809
229	2301
230	2041
231	2095
232	2450
233	3141
234	4583
235	6796
236	10759
237	16697
238	24353
239	35103
240	47768
241	60033
242	72231
243	81628
244	87069
245	85915
246	81474
247	71609
248	59924
249	47237
250	35269
251	25125
252	17246
253	11884
254	8279
255	5920
256	4905
257	4461
258	4652
259	5171
260	6067
261	7561
262	9181
263	11456
264	13605
265	15301
266	17073
267	17754
268	17585
269	16745
270	15293
271	13430
272	11603
273	10065
274	8786
275	8374
276	8466
277	9515
278	11050
279	13285
280	16815
281	20661
282	26368
283	32819
284	41649
285	51980
286	65576
287	81711
288	99270
289	118673
290	135759
291	150433
292	159555
293	160659
294	154041
295	140978
296	122107
297	100394
298	78690
299	58445
300	42510
301	29442
302	20637
303	14519
304	11161
305	9142
306	8420
307	8296
308	9045
309	9836
310	11100
311	12626
312	14355
313	16231
314	18748
315	21642
316	24991
317	28360
318	31612
319	34103
320	36048
321	36772
322	35870
323	33523
324	29903
325	25567
326	20478
327	16401
328	12235
329	9107
330	6630
331	5206
332	4219
333	4442
334	5597
335	7978
336	12168
337	19347
338	30437
339	45385
340	65304
341	90452
342	117305
343	146400
344	172380
345	192367
346	202394
347	202209
348	192238
349	172022
350	146603
351	118539
352	90998
353	66612
354	46708
355	31922
356	20930
357	13641
358	8856
359	6269
360	4491
361	3700
362	3088
363	2727
364	2644
365	2439
366	2551
367	2540
368	2645
369	3029
370	3440
371	4246
372	5520
373	7367
374	9636
375	12788
376	16690
377	20850
378	25692
379	30122
380	33117
381	35703
382	35860
383	34547
384	31692
385	27783
386	23305
387	18675
388	14293
389	10619
390	7502
391	5313
392	3771
393	2829
394	2109
395	1698
396	1502
397	1360
398	1271
399	1293
400	1278
401	1209
402	1224
403	1163
404	1158
405	1129
406	1153
407	1011
408	1124
409	1114
410	1168
411	1174
412	1065
413	1098
414	1097
415	1078
416	1154
417	1133
418	1138
419	1159
420	1141
421	1185
422	1218
423	1180
424	1245
425	1317
426	1315
427	1492
428	1506
429	1620
430	1637
431	1876
432	2019
433	2166
434	2247
435	2369
436	2372
437	2258
438	2281
439	2245
440	2302
441	2207
442	2191
443	2160
444	2105
445	2149
446	2227
447	2208
448	2311
449	2400
450	2534
451	2581
452	2699
453	2744
454	2742
455	2628
456	2653
457	2499
458	2501
459	2228
460	2451
461	2422
462	2336
463	2396
464	2445
465	2485
466	2532
467	2549
468	2554
469	2554
470	2554
471	2312
472	2307
473	2269
474	2218
475	2084
476	2118
477	2134
478	2156
479	2210
480	2143
481	2202
482	2275
483	2222
484	2282
485	2214
486	2225
487	2465
488	2368
489	2296
490	2345
491	2441
492	2477
493	2563
494	2595
495	2596
496	2766
497	2839
498	2771
499	2943
500	2745
501	2946
502	2927
503	2907
504	2903
505	3054
506	3058
507	3052
508	3181
509	3056
510	3004
511	3138
512	3220
513	3287
514	3317
515	3420
516	3330
517	3466
518	3690
519	3647
520	3668
521	3721
522	3720
523	3850
524	3668
525	3618
526	3661
527	3522
528	3403
529	3489
530	3357
531	3242
532	3335
533	3398
534	3382
535	3431
536	3394
537	3511
538	3417
539	3467
540	3498
541	3562
542	3355
543	3313
544	3458
545	3276
546	3325
547	3440
548	3384
549	3413
550	3346
551	3258
552	3289
553	3286
554	3400
555	3416
556	3352
557	3322
558	3320
559	3306
560	3323
561	3439
562	3377
563	3514
564	3513
565	3542
566	3598
567	3765
568	3643
569	3702
570	3599
571	3651
572	3703
573	3721
574	3835
575	3920
576	3720
577	3834
578	3685
579	3711
580	3699
581	3816
582	3858
583	3957
584	4051
585	3963
586	3984
587	3969
588	3958
589	4002
590	4078
591	4139
592	3989
593	4102
594	4145
595	4043
596	4035
597	3949
598	4044
599	4079
600	4054
601	4205
602	4214
603	4301
604	4265
605	4395
606	4337
607	4261
608	4402
609	4362
610	4411
611	4448
612	4443
613	4356
614	4347
615	4477
616	4354
617	4439
618	4394
619	4339
620	4518
621	4569
622	4438
623	4367
624	4530
625	4397
626	4556
627	4555
628	4531
629	4662
630	4632
631	4577
632	4638
633	4796
634	4815
635	4798
636	4748
637	4798
638	4817
639	4854
640	4833
641	4862
642	4938
643	4954
644	4962
645	4726
646	4884
647	4833
648	4882
649	4899
650	4821
651	4851
652	4868
653	4848
654	4823
655	4820
656	4816
657	4850
658	4934
659	4952
660	5013
661	5004
662	4922
663	4994
664	4969
665	5060
666	5010
667	5056
668	5137
669	5191
670	5171
671	5113
672	5241
673	5189
674	5144
675	5183
676	5284
677	5502
678	5241
679	5385
680	5504
681	5460
682	5513
683	5491
684	5418
685	5445
686	5554
687	5588
688	5413
689	5541
690	5577
691	5496
692	5461
693	5382
694	5615
695	5670
696	5536
697	5493
698	5565
699	5748
700	5635
701	5599
702	5493
703	5444
704	5391
705	5571
706	5624
707	5527
708	5620
709	5703
710	5587
711	5724
712	5703
713	5739
714	5586
715	5825
716	5842
717	5947
718	6007
719	5952
720	5900
721	6032
722	6125
723	6159
724	6246
725	6152
726	6133
727	6115
728	6011
729	6004
730	6155
731	5978
732	6064
733	5997
734	6024
735	5863
736	5989
737	5863
738	5986
739	6008
740	5921
741	6033
742	5847
743	5946
744	6018
745	6028
746	5999
747	6122
748	6088
749	6186
750	6339
751	6491
752	6696
753	6838
754	7411
755	7688
756	8415
757	8942
758	9733
759	10086
760	10888
761	11315
762	11653
763	11786
764	12205
765	11819
766	11605
767	11224
768	10513
769	10084
770	9069
771	8389
772	7811
773	7501
774	7215
775	6677
776	6563
777	6320
778	6188
779	6052
780	6181
781	6155
782	6015
783	5991
784	6149
785	6079
786	5976
787	5981
788	5912
789	6044
790	6021
791	6045
792	5997
793	6107
794	5923
795	6149
796	6150
797	6088
798	6078
799	6029
800	6177
801	6130
802	6159
803	6259
804	6248
805	6391
806	6207
807	6395
808	6323
809	6239
810	6188
811	6221
812	6224
813	6155
814	6168
815	6062
816	6156
817	6252
818	5875
819	5911
820	6014
821	6036
822	6005
823	5927
824	5925
825	5882
826	5856
827	5908
828	5996
829	6009
830	6104
831	5917
832	6111
833	6090
834	6127
835	6161
836	6139
837	6206
838	6184
839	6376
840	6361
841	6610
842	6672
843	6901
844	6893
845	7219
846	7546
847	7637
848	7901
849	8082
850	8238
851	8259
852	8332
853	8591
854	8286
855	7989
856	8028
857	7747
858	7374
859	7287
860	7163
861	6866
862	6573
863	6628
864	6478
865	6329
866	6099
867	6120
868	6251
869	5963
870	5979
871	6019
872	5888
873	5938
874	6045
875	5928
876	5747
877	5865
878	5853
879	5780
880	5758
881	5695
882	5914
883	5761
884	5807
885	5728
886	5683
887	5813
888	5842
889	5714
890	5894
891	5892
892	5764
893	5785
894	5749
895	5752
896	5856
897	5707
898	5726
899	5807
900	5854
901	5707
902	5685
903	5569
904	5701
905	5720
906	5698
907	5814
908	5876
909	5731
910	5755
911	5707
912	5676
913	5702
914	5572
915	5603
916	5669
917	5570
918	5577
919	5598
920	5504
921	5486
922	5622
923	5531
924	5687
925	5785
926	5630
927	5622
928	5686
929	5769
930	5865
931	5868
932	6052
933	6128
934	6260
935	6380
936	6489
937	6715
938	6688
939	6751
940	6886
941	6939
942	7020
943	6862
944	6943
945	6858
946	6646
947	6557
948	6462
949	6248
950	6255
951	6083
952	6055
953	5860
954	5842
955	5792
956	5635
957	5613
958	5709
959	5634
960	5617
961	5505
962	5425
963	5465
964	5385
965	5263
966	5297
967	5366
968	5222
969	5329
970	5213
971	5344
972	5132
973	5245
974	5248
975	5320
976	5259
977	5269
978	5097
979	5226
980	5214
981	5268
982	5090
983	5099
984	5086
985	5138
986	5060
987	4975
988	5060
989	5012
990	5012
991	5101
992	5055
993	4900
994	4993
995	5001
996	5026
997	5026
998	4797
999	5031
1000	4890
1001	4837
1002	4998
1003	4947
1004	4949
1005	5006
1006	4841
1007	4780
1008	4912
1009	4726
1010	4910
1011	4859
1012	4774
1013	4832
1014	4794
1015	4757
1016	4730
1017	4863
1018	4747
1019	4845
1020	4811
1021	4729
1022	4745
1023	4793
1024	4732
